# WAVELENGTH FLUX
4231.41891895 1.39812012
4233.11533879 1.40156236
4234.81182880 1.42251287
4236.50838897 1.47664581
4238.20501931 1.55887155
4239.90171981 1.56359650
4241.59849048 1.62408014
4243.29533132 1.62408014
4244.99224232 1.62408014
4246.68922348 1.62408014
4248.38627481 1.60264261
4250.08339631 1.52270182
4251.78058798 1.52270182
4253.47784980 1.51796998
4255.17518180 1.52270182
4256.87258396 1.58387561
4258.57005628 1.58387561
4260.26759877 1.57908938
4261.96521143 1.60048500
4263.66289425 1.60628856
4265.36064724 1.60556867
4267.05847039 1.60268113
4268.75636371 1.60513156
4270.45432719 1.57480895
4272.15236084 1.58328889
4273.85046466 1.57752615
4275.54863864 1.57530954
4277.24688278 1.55399247
4278.94519710 1.58074136
4280.64358157 1.58037291
4282.34203621 1.57602709
4284.04056102 1.53684510
4285.73915600 1.49561962
4287.43782114 1.52480071
4289.13655644 1.50628511
4290.83536191 1.48593201
4292.53423755 1.48385454
4294.23318335 1.47947538
4295.93219932 1.47403062
4297.63128545 1.45174859
4299.33044175 1.42777001
4301.02966821 1.42024141
4302.72896484 1.38296035
4304.42833163 1.37645276
4306.12776859 1.41252391
4307.82727572 1.37618814
4309.52685301 1.37618814
4311.22650047 1.37618814
4312.92621809 1.40750274
4314.62600588 1.40432391
4316.32586383 1.35746279
4318.02579195 1.34245936
4319.72579023 1.33210983
4321.42585868 1.30299296
4323.12599730 1.28590623
4324.82620608 1.27075333
4326.52648503 1.26741662
4328.22683414 1.25963399
4329.92725342 1.16454153
4331.62774286 1.12682872
4333.32830247 1.03545083
4335.02893224 0.83885099
4336.72963218 0.73954046
4338.43040229 0.72663428
4340.13124256 0.72607152
4341.83215300 0.71991448
4343.53313360 0.75071254
4345.23418436 0.80501844
4346.93530530 0.88096942
4348.63649640 1.00330468
4350.33775766 1.02426081
4352.03908909 1.06064777
4353.74049069 1.09411001
4355.44196245 1.14569130
4357.14350437 1.26449881
4358.84511646 1.29124397
4360.54679872 1.30471271
4362.24855114 1.37676312
4363.95037373 1.40173050
4365.65226649 1.40126590
4367.35422941 1.40378170
4369.05626249 1.41987581
4370.75836574 1.41945180
4372.46053916 1.41582778
4374.16278274 1.41349741
4375.86509649 1.40977592
4377.56748040 1.41862135
4379.26993448 1.41760219
4380.97245872 1.40520642
4382.67505313 1.42176753
4384.37771771 1.40630683
4386.08045245 1.41789268
4387.78325735 1.46553937
4389.48613242 1.44729214
4391.18907766 1.44306929
4392.89209306 1.45153921
4394.59517863 1.43952890
4396.29833437 1.47884474
4398.00156026 1.43230376
4399.70485633 1.42817804
4401.40822256 1.43383620
4403.11165896 1.45753551
4404.81516552 1.46905118
4406.51874224 1.49134454
4408.22238914 1.49942624
4409.92610619 1.49514550
4411.62989342 1.49356546
4413.33375081 1.49956233
4415.03767836 1.49389009
4416.74167608 1.49347424
4418.44574397 1.49949275
4420.14988202 1.50763082
4421.85409023 1.50744897
4423.55836862 1.50528099
4425.26271716 1.48893540
4426.96713588 1.50015080
4428.67162476 1.47203770
4430.37618380 1.46716068
4432.08081301 1.46640956
4433.78551239 1.47544042
4435.49028193 1.47458263
4437.19512163 1.47232359
4438.90003151 1.46303925
4440.60501154 1.46216479
4442.31006175 1.45266264
4444.01518212 1.45151250
4445.72037265 1.44824442
4447.42563335 1.44136965
4449.13096421 1.47959079
4450.83636525 1.47738749
4452.54183644 1.47257983
4454.24737780 1.46873487
4455.95298933 1.46732876
4457.65867102 1.46045731
4459.36442288 1.45859175
4461.07024491 1.45630304
4462.77613710 1.45389237
4464.48209945 1.44947560
4466.18813197 1.44840831
4467.89423466 1.45233676
4469.60040751 1.45382226
4471.30665053 1.45202489
4473.01296371 1.44956165
4474.71934706 1.43509253
4476.42580057 1.43421919
4478.13232425 1.43078905
4479.83891810 1.39832284
4481.54558211 1.39274959
4483.25231628 1.39105947
4484.95912063 1.37701236
4486.66599513 1.39067863
4488.37293981 1.43826215
4490.07995464 1.43889213
4491.78703965 1.45398052
4493.49419482 1.45534784
4495.20142015 1.45463859
4496.90871565 1.46518068
4498.61608132 1.46817746
4500.32351715 1.47627559
4502.03102315 1.48279199
4503.73859931 1.50530036
4505.44624564 1.50368222
4507.15396213 1.50029110
4508.86174879 1.49964250
4510.56960561 1.49958045
4512.27753260 1.49559012
4513.98552976 1.47036942
4515.69359708 1.46424339
4517.40173457 1.45032238
4519.10994222 1.44917703
4520.81822004 1.44028934
4522.52656802 1.42481985
4524.23498617 1.42293167
4525.94347449 1.42071954
4527.65203297 1.41755270
4529.36066161 1.41635133
4531.06936042 1.41132557
4532.77812940 1.40857062
4534.48696854 1.40857062
4536.19587785 1.40857062
4537.90485732 1.41938362
4539.61390696 1.42638058
4541.32302677 1.42726837
4543.03221674 1.44001727
4544.74147687 1.44001727
4546.45080717 1.42638058
4548.16020764 1.42638058
4549.86967827 1.41391508
4551.57921907 1.37167561
4553.28883003 1.37167561
4554.99851116 1.37167561
4556.70826245 1.37167561
4558.41808391 1.37289544
4560.12797554 1.38743152
4561.83793733 1.39669545
4563.54796929 1.39669545
4565.25807141 1.40113097
4566.96824369 1.39691609
4568.67848615 1.41835397
4570.38879877 1.41835397
4572.09918155 1.41753434
4573.80963450 1.41835397
4575.52015762 1.41835397
4577.23075090 1.41753434
4578.94141434 1.40530559
4580.65214795 1.38713036
4582.36295173 1.38713036
4584.07382567 1.37372422
4585.78476978 1.37372422
4587.49578406 1.37368026
4589.20686850 1.37522950
4590.91802310 1.37509569
4592.62924787 1.38376310
4594.34054281 1.38310031
4596.05190791 1.39093941
4597.76334318 1.38926174
4599.47484861 1.40177717
4601.18642421 1.38639399
4602.89806997 1.40631976
4604.60978590 1.40606729
4606.32157199 1.40712086
4608.03342825 1.42328474
4609.74535468 1.42328474
4611.45735127 1.42328474
4613.16941803 1.42336963
4614.88155495 1.41131319
4616.59376204 1.41131319
4618.30603929 1.40635956
4620.01838671 1.40627569
4621.73080430 1.40554426
4623.44329205 1.40554426
4625.15584996 1.40284905
4626.86847804 1.40284905
4628.58117629 1.40284905
4630.29394470 1.40135230
4632.00678328 1.38932081
4633.71969202 1.38932081
4635.43267093 1.37526969
4637.14572001 1.37526969
4638.85883925 1.37598537
4640.57202865 1.38690493
4642.28528822 1.38690493
4643.99861796 1.37598537
4645.71201786 1.37232105
4647.42548793 1.38305180
4649.13902816 1.38803730
4650.85263856 1.37191853
4652.56631913 1.37193763
4654.28006986 1.37205068
4655.99389075 1.37254500
4657.70778181 1.37254500
4659.42174304 1.36450012
4661.13577443 1.35663099
4662.84987599 1.35246266
4664.56404771 1.34475957
4666.27828960 1.33621471
4667.99260165 1.34746488
4669.70698387 1.34767023
4671.42143626 1.34779207
4673.13595881 1.34916037
4674.85055153 1.35622774
4676.56521441 1.35828007
4678.27994746 1.35828007
4679.99475067 1.35828007
4681.70962405 1.36135211
4683.42456759 1.38317957
4685.13958130 1.38406567
4686.85466518 1.38457841
4688.56981922 1.35269532
4690.28504342 1.37713281
4692.00033779 1.37713281
4693.71570233 1.36778237
4695.43113703 1.34862351
4697.14664190 1.34908907
4698.86221694 1.35083039
4700.57786214 1.34431093
4702.29357750 1.33958433
4704.00936303 1.34050456
4705.72521873 1.33735653
4707.44114459 1.32692584
4709.15714062 1.32710323
4710.87320681 1.32724961
4712.58934317 1.32757001
4714.30554969 1.33814811
4716.02182638 1.33496188
4717.73817323 1.33752765
4719.45459025 1.34294386
4721.17107744 1.34741931
4722.88763479 1.34756772
4724.60426231 1.34352101
4726.32095999 1.32519392
4728.03772784 1.32370154
4729.75456585 1.31752126
4731.47147403 1.31879919
4733.18845238 1.31569492
4734.90550089 1.31576974
4736.62261956 1.31540635
4738.33980840 1.31588795
4740.05706741 1.31793591
4741.77439658 1.32423069
4743.49179592 1.32558722
4745.20926542 1.33530281
4746.92680509 1.33566287
4748.64441493 1.33579383
4750.36209493 1.32826000
4752.07984509 1.32839271
4753.79766542 1.31610651
4755.51555592 1.30102431
4757.23351658 1.29883307
4758.95154741 1.29144775
4760.66964840 1.28938435
4762.38781956 1.28717637
4764.10606088 1.29043961
4765.82437237 1.29511049
4767.54275403 1.29512712
4769.26120585 1.29559601
4770.97972784 1.29315088
4772.69831999 1.29389358
4774.41698231 1.29389358
4776.13571479 1.28731273
4777.85451744 1.27942742
4779.57339025 1.28130685
4781.29233323 1.27462534
4783.01134638 1.27380147
4784.73042969 1.27579076
4786.44958316 1.26620062
4788.16880681 1.26894087
4789.88810061 1.27989421
4791.60746459 1.27994507
4793.32689872 1.28528007
4795.04640303 1.28693369
4796.76597750 1.28693369
4798.48562213 1.28693369
4800.20533693 1.28693369
4801.92512190 1.28528007
4803.64497703 1.28105174
4805.36490233 1.26766354
4807.08489779 1.26407689
4808.80496342 1.23380893
4810.52509921 1.23192268
4812.24530517 1.22383472
4813.96558130 1.22308900
4815.68592759 1.22308900
4817.40634404 1.22383472
4819.12683067 1.22650210
4820.84738745 1.22718080
4822.56801440 1.22718080
4824.28871152 1.23209752
4826.00947881 1.21255423
4827.73031626 1.21255423
4829.45122387 1.20333125
4831.17220165 1.16664868
4832.89324960 1.15256079
4834.61436771 1.11809626
4836.33555598 1.11642317
4838.05681443 1.10137034
4839.77814303 1.09604876
4841.49954181 1.09447523
4843.22101075 1.08451596
4844.94254985 1.03208282
4846.66415912 1.00373369
4848.38583856 0.98725988
4850.10758816 0.97673710
4851.82940793 0.95904854
4853.55129786 0.86493693
4855.27325796 0.84440035
4856.99528822 0.76827007
4858.71738865 0.70473159
4860.43955924 0.65066440
4862.16180000 0.64659907
4863.88411093 0.64659907
4865.60649202 0.64659907
4867.32894327 0.65487508
4869.05146470 0.70023357
4870.77405628 0.79025308
4872.49671804 0.85494424
4874.21944996 0.90207010
4875.94225204 0.93365651
4877.66512429 0.95483660
4879.38806671 0.96803373
4881.11107929 1.01151401
4882.83416203 1.03355202
4884.55731494 1.06397899
4886.28053802 1.06605917
4888.00383126 1.07937944
4889.72719467 1.08183430
4891.45062825 1.10630261
4893.17413199 1.12256317
4894.89770589 1.12256317
4896.62134996 1.12118785
4898.34506420 1.13438875
4900.06884860 1.13438875
4901.79270317 1.13791630
4903.51662790 1.14445085
4905.24062280 1.15155010
4906.96468786 1.15980188
4908.68882309 1.15999429
4910.41302849 1.17213267
4912.13730405 1.17215075
4913.86164977 1.16489251
4915.58606567 1.16542412
4917.31055172 1.16492418
4919.03510795 1.16318853
4920.75973433 1.16289223
4922.48443089 1.15218803
4924.20919761 1.15205379
4925.93403449 1.16052961
4927.65894154 1.15326793
4929.38391876 1.15343421
4931.10896614 1.15423044
4932.83408369 1.16495803
4934.55927140 1.16625441
4936.28452928 1.17080715
4938.00985732 1.17072648
4939.73525553 1.17721077
4941.46072390 1.18623703
4943.18626244 1.19703065
4944.91187115 1.19157819
4946.63755002 1.19175265
4948.36329906 1.18297880
4950.08911826 1.18694730
4951.81500763 1.17595221
4953.54096716 1.17795271
4955.26699686 1.17321332
4956.99309672 1.17373632
4958.71926675 1.17922876
4960.44550695 1.18432496
4962.17181731 1.18516227
4963.89819784 1.18579326
4965.62464853 1.18624587
4967.35116939 1.18677044
4969.07776041 1.18663705
4970.80442160 1.18163923
4972.53115295 1.18228559
4974.25795447 1.18228559
4975.98482616 1.18739174
4977.71176801 1.17634500
4979.43878003 1.17823498
4981.16586221 1.15493850
4982.89301456 1.13238373
4984.62023707 1.13325430
4986.34752975 1.13350732
4988.07489259 1.13375487
4989.80232560 1.14539460
4991.52982878 1.15703894
4993.25740212 1.15713888
4994.98504562 1.15803654
4996.71275930 1.15327894
4998.44054313 1.15367429
5000.16839714 1.15201674
5001.89632131 1.13987967
5003.62431564 1.13867542
5005.35238014 1.11850384
5007.08051480 1.11092517
5008.80871963 1.12154748
5010.53699463 1.11036997
5012.26533979 1.10212385
5013.99375512 1.09945913
5015.72224061 1.09864776
5017.45079627 1.10475507
5019.17942209 1.10421091
5020.90811808 1.10619368
5022.63688424 1.11006561
5024.36572056 1.12123313
5026.09462705 1.12866124
5027.82360370 1.12950177
5029.55265051 1.12987581
5031.28176750 1.13093689
5033.01095464 1.13166453
5034.74021196 1.13196901
5036.46953944 1.13107668
5038.19893708 1.12145029
5039.92840489 1.12005711
5041.65794287 1.10271486
5043.38755101 1.11122448
5045.11722932 1.12007414
5046.84697779 1.10664599
5048.57679643 1.10909280
5050.30668523 1.12577235
5052.03664420 1.13668524
5053.76667333 1.13687542
5055.49677263 1.13735562
5057.22694210 1.14582019
5058.95718173 1.14649291
5060.68749153 1.13656200
5062.41787149 1.13981564
5064.14832162 1.13217095
5065.87884191 1.13320284
5067.60943237 1.13480445
5069.34009299 1.12792498
5071.07082378 1.12831304
5072.80162474 1.12975685
5074.53249586 1.12730683
5076.26343715 1.09592004
5077.99444860 1.09507211
5079.72553022 1.09523586
5081.45668200 1.09561449
5083.18790395 1.09869850
5084.91919606 1.10007987
5086.65055834 1.10320141
5088.38199079 1.11435427
5090.11349340 1.11914950
5091.84506618 1.12042400
5093.57670912 1.12137703
5095.30842223 1.12138399
5097.04020550 1.11608046
5098.77205894 1.11167002
5100.50398254 1.09927308
5102.23597631 1.09487567
5103.96804025 1.10628108
5105.70017435 1.10658867
5107.43237861 1.09746514
5109.16465305 1.09752653
5110.89699764 1.11034078
5112.62941241 1.11035298
5114.36189733 1.11094759
5116.09445243 1.11139890
5117.82707769 1.09867333
5119.55977311 1.09920749
5121.29253870 1.09571524
5123.02537446 1.09611444
5124.75828038 1.09670798
5126.49125647 1.09212320
5128.22430272 1.08407733
5129.95741914 1.08420650
5131.69060572 1.08736810
5133.42386247 1.08953609
5135.15718939 1.08653747
5136.89058647 1.07736392
5138.62405371 1.05866521
5140.35759112 1.05894805
5142.09119870 1.06223890
5143.82487644 1.06596705
5145.55862435 1.07007839
5147.29244243 1.07268502
5149.02633067 1.06220232
5150.76028907 1.07721992
5152.49431764 1.07460371
5154.22841638 1.06405905
5155.96258528 1.06432598
5157.69682434 1.06747545
5159.43113358 1.06801239
5161.16551297 1.07104858
5162.89996254 1.06991022
5164.63448227 1.01880000
5166.36907216 1.00786417
5168.10373222 1.00955944
5169.83846245 1.01080361
5171.57326284 1.00220560
5173.30813340 1.01385233
5175.04307412 1.01870610
5176.77808501 1.01949195
5178.51316606 1.03887407
5180.24831728 1.04381202
5181.98353866 1.03112982
5183.71883021 1.04686684
5185.45419193 1.03590103
5187.18962381 1.03086969
5188.92512585 1.03353671
5190.66069807 1.03110521
5192.39634044 1.02552101
5194.13205299 1.03047554
5195.86783570 1.03338716
5197.60368857 1.03420603
5199.33961161 1.02568475
5201.07560482 1.01924429
5202.81166819 1.03391046
5204.54780172 1.02125563
5206.28400542 1.02477745
5208.02027929 1.01824487
5209.75662333 1.02380217
5211.49303752 1.03869937
5213.22952189 1.04365047
5214.96607642 1.03632514
5216.70270111 1.03763754
5218.43939597 1.03928965
5220.17616100 1.04173904
5221.91299619 1.01419647
5223.64990155 1.01575919
5225.38687707 1.01649257
5227.12392276 1.01608076
5228.86103861 1.00206009
5230.59822463 1.00402730
5232.33548082 1.00482558
5234.07280717 1.00764693
5235.81020368 1.00764693
5237.54767037 1.02400715
5239.28520721 1.02400715
5241.02281423 1.02442347
5242.76049140 1.02618677
5244.49823875 1.02675354
5246.23605626 1.03034062
5247.97394393 1.03288758
5249.71190177 1.01831067
5251.44992978 1.02155813
5253.18802795 1.02155813
5254.92619629 1.02294737
5256.66443479 1.02299404
5258.40274346 1.02094078
5260.14112229 1.01815418
5261.87957129 1.01593231
5263.61809046 1.00621795
5265.35667979 0.99084760
5267.09533928 0.98163940
5268.83406894 0.98195734
5270.57286877 0.96085535
5272.31173876 0.96161877
5274.05067892 0.96169331
5275.78968924 0.98471536
5277.52876973 0.98737057
5279.26792039 0.99002079
5281.00714121 0.99388913
5282.74643219 0.99556705
5284.48579334 0.99897524
5286.22522466 1.00904534
5287.96472614 1.01099298
5289.70429779 1.02543795
5291.44393960 1.02820265
5293.18365158 1.02180794
5294.92343373 1.02242064
5296.66328604 1.02226169
5298.40320851 1.02362541
5300.14320115 1.02434326
5301.88326396 1.01907000
5303.62339693 1.01083794
5305.36360007 1.01073441
5307.10387337 1.01458245
5308.84421684 1.01634066
5310.58463047 1.00105595
5312.32511427 1.00247825
5314.06566824 0.98141208
5315.80629237 1.00426557
5317.54698667 0.98709969
5319.28775113 0.98363105
5321.02858576 0.98434937
5322.76949055 0.98554400
5324.51046551 0.97532882
5326.25151063 0.98489377
5327.99262592 0.97935348
5329.73381138 0.96782547
5331.47506700 0.98029838
5333.21639278 0.96919448
5334.95778873 0.97004149
5336.69925485 0.97137158
5338.44079113 0.97198095
5340.18239758 0.97200528
5341.92407420 0.97391562
5343.66582098 0.97442061
5345.40763792 0.98765604
5347.14952503 0.98813467
5348.89148231 0.99183901
5350.63350975 0.99532197
5352.37560736 0.99616269
5354.11777513 0.99749341
5355.86001307 0.99836339
5357.60232117 0.99858181
5359.34469944 0.99889265
5361.08714787 0.99778184
5362.82966648 0.97542318
5364.57225524 0.96762995
5366.31491417 0.97924415
5368.05764327 0.97013481
5369.80044253 0.96297888
5371.54331196 0.96476683
5373.28625155 0.96453263
5375.02926131 0.95342710
5376.77234124 0.96208500
5378.51549133 0.95543883
5380.25871158 0.96520570
5382.00200200 0.95892843
5383.74536259 0.95681723
5385.48879334 0.96395206
5387.23229426 0.96428520
5388.97586534 0.96770906
5390.71950659 0.97218664
5392.46321801 0.96829814
5394.20699959 0.96960316
5395.95085133 0.97148629
5397.69477324 0.97178271
5399.43876532 0.97032542
5401.18282756 0.96110491
5402.92695997 0.95580497
5404.67116254 0.94899017
5406.41543528 0.94514545
5408.15977819 0.94349255
5409.90419126 0.94103905
5411.64867449 0.94459534
5413.39322789 0.94890817
5415.13785146 0.95272231
5416.88254519 0.95797615
5418.62730909 0.95538649
5420.37214315 0.95130753
5422.11704738 0.95088766
5423.86202178 0.95158925
5425.60706633 0.94453413
5427.35218106 0.94021672
5429.09736595 0.94146552
5430.84262101 0.95344589
5432.58794623 0.94161563
5434.33334162 0.94175216
5436.07880717 0.94225551
5437.82434289 0.94352829
5439.56994877 0.94389340
5441.31562482 0.94381930
5443.06137104 0.94567499
5444.80718742 0.94801849
5446.55307396 0.94824977
5448.29903067 0.94866330
5450.04505755 0.95193445
5451.79115459 0.95210877
5453.53732180 0.95602972
5455.28355918 0.94758186
5457.02986672 0.94780062
5458.77624442 0.94809136
5460.52269229 0.94033642
5462.26921033 0.94193623
5464.01579853 0.93861361
5465.76245690 0.94402510
5467.50918543 0.94441911
5469.25598413 0.94088710
5471.00285299 0.93645397
5472.74979202 0.94047562
5474.49680121 0.92706108
5476.24388057 0.92955619
5477.99103010 0.92713759
5479.73824979 0.92492392
5481.48553965 0.93226127
5483.23289967 0.93947351
5484.98032986 0.93769304
5486.72783021 0.93233683
5488.47540073 0.93424754
5490.22304142 0.93542079
5491.97075227 0.93659556
5493.71853328 0.93123979
5495.46638446 0.93243379
5497.21430581 0.93520936
5498.96229732 0.93089621
5500.71035900 0.92653041
5502.45849084 0.92706213
5504.20669285 0.91697470
5505.95496503 0.92188088
5507.70330737 0.92271432
5509.45171987 0.91881832
5511.20020254 0.92353839
5512.94875538 0.92464413
5514.69737838 0.92500954
5516.44607155 0.92569800
5518.19483488 0.92777593
5519.94366838 0.92785218
5521.69257205 0.92818261
5523.44154588 0.92965790
5525.19058987 0.92537893
5526.93970403 0.91755900
5528.68888836 0.91281610
5530.43814285 0.90297963
5532.18746751 0.90530740
5533.93686233 0.91132044
5535.68632732 0.89677513
5537.43586247 0.89883395
5539.18546779 0.91503677
5540.93514328 0.91642798
5542.68488893 0.91729880
5544.43470474 0.91807272
5546.18459073 0.91009211
5547.93454687 0.91211847
5549.68457319 0.91279232
5551.43466966 0.91352051
5553.18483631 0.91425859
5554.93507312 0.91187042
5556.68538009 0.90656300
5558.43575723 0.90686400
5560.18620454 0.90698137
5561.93672201 0.90752991
5563.68730965 0.90824911
5565.43796745 0.90018629
5567.18869542 0.90035135
5568.93949355 0.90362715
5570.69036185 0.90036075
5572.44130032 0.88463570
5574.19230895 0.87792374
5575.94338774 0.88134952
5577.69453671 0.87721621
5579.44575583 0.88208564
5581.19704513 0.88726529
5582.94840458 0.88439422
5584.69983421 0.89146907
5586.45133400 0.89234426
5588.20290395 0.89442826
5589.95454407 0.89684921
5591.70625436 0.89708833
5593.45803481 0.87445234
5595.20988542 0.87496580
5596.96180621 0.86962603
5598.71379715 0.87068975
5600.46585827 0.87727982
5602.21798955 0.87801515
5603.97019099 0.87702389
5605.72246260 0.87911150
5607.47480438 0.88747332
5609.22721632 0.88820715
5610.97969843 0.89344452
5612.73225070 0.88880191
5614.48487314 0.87867387
5616.23756574 0.87879332
5617.99032851 0.87891278
5619.74316144 0.88004395
5621.49606454 0.88222942
5623.24903781 0.86414834
5625.00208124 0.86651198
5626.75519483 0.89071880
5628.50837860 0.89138251
5630.26163252 0.89463014
5632.01495662 0.87285372
5633.76835088 0.88097445
5635.52181530 0.88262420
5637.27534989 0.88205079
5639.02895465 0.87114638
5640.78262957 0.86271798
5642.53637465 0.86775338
5644.29018990 0.87405296
5646.04407532 0.87238089
5647.79803091 0.87205867
5649.55205665 0.86363193
5651.30615257 0.86427671
5653.06031865 0.87418675
5654.81455489 0.86665197
5656.56886130 0.85791763
5658.32323788 0.85336440
5660.07768462 0.85396253
5661.83220153 0.85413830
5663.58678860 0.85491286
5665.34144584 0.85583813
5667.09617324 0.85920446
5668.85097081 0.86023475
5670.60583855 0.86096650
5672.36077645 0.86169890
5674.11578451 0.86342608
5675.87086275 0.86519394
5677.62601114 0.86887134
5679.38122971 0.86065181
5681.13651843 0.86692383
5682.89187733 0.84988496
5684.64730639 0.84995674
5686.40280561 0.85002853
5688.15837500 0.85133515
5689.91401456 0.84118317
5691.66972428 0.85020232
5693.42550417 0.87479047
5695.18135422 0.85712188
5696.93727444 0.85380601
5698.69326482 0.84607205
5700.44932537 0.85474729
5702.20545608 0.85474870
5703.96165696 0.85907014
5705.71792801 0.84743957
5707.47426922 0.84780121
5709.23068060 0.84889097
5710.98716214 0.84655080
5712.74371385 0.84695637
5714.50033572 0.84189930
5716.25702776 0.84992584
5718.01378996 0.85803278
5719.77062233 0.83193199
5721.52752487 0.86879431
5723.28449757 0.83478099
5725.04154044 0.83478099
5726.79865347 0.83478099
5728.55583667 0.83478099
5730.31309003 0.86067434
5732.07041356 0.86118593
5733.82780725 0.85833321
5735.58527111 0.85996875
5737.34280514 0.83546264
5739.10040933 0.84353491
5740.85808369 0.84486673
5742.61582821 0.83867086
5744.37364290 0.83910253
5746.13152775 0.84076725
5747.88948277 0.84945520
5749.64750795 0.85164890
5751.40560330 0.85752548
5753.16376882 0.86083850
5754.92200450 0.86083850
5756.68031034 0.86083850
5758.43868636 0.86122791
5760.19713253 0.82915621
5761.95564888 0.83425010
5763.71423539 0.83703878
5765.47289206 0.82160060
5767.23161890 0.82162578
5768.99041590 0.84235792
5770.74928307 0.84310133
5772.50822041 0.84735533
5774.26722791 0.83184338
5776.02630558 0.83223242
5777.78545341 0.84785705
5779.54467141 0.83252616
5781.30395957 0.83271078
5783.06331790 0.83278938
5784.82274640 0.83326855
5786.58224506 0.82613625
5788.34181389 0.83448940
5790.10145288 0.82313720
5791.86116203 0.82449889
5793.62094136 0.82534831
5795.38079084 0.83450608
5797.14071050 0.82388080
5798.90070032 0.82442642
5800.66076030 0.82136830
5802.42089045 0.82176571
5804.18109077 0.83682376
5805.94136125 0.82229163
5807.70170190 0.81772720
5809.46211271 0.81868111
5811.22259369 0.82134621
5812.98314483 0.82262426
5814.74376614 0.82296556
5816.50445761 0.82095720
5818.26521925 0.81569199
5820.02605106 0.81804542
5821.78695303 0.81783779
5823.54792517 0.81942576
5825.30896747 0.81266709
5827.07007994 0.81276327
5828.83126257 0.81970857
5830.59251537 0.83051869
5832.35383833 0.81297785
5834.11523146 0.80260661
5835.87669476 0.80527024
5837.63822822 0.81080772
5839.39983185 0.80651389
5841.16150564 0.80683545
5842.92324960 0.80834775
5844.68506372 0.80097788
5846.44694801 0.79822830
5848.20890246 0.81363685
5849.97092708 0.80707434
5851.73302187 0.80745884
5853.49518682 0.80499840
5855.25742194 0.78949284
5857.01972722 0.78851883
5858.78210267 0.79460568
5860.54454828 0.78447163
5862.30706406 0.78859896
5864.06965000 0.79617740
5865.83230611 0.80344594
5867.59503239 0.79487315
5869.35782883 0.80022877
5871.12069543 0.79572623
5872.88363221 0.79697307
5874.64663914 0.79708837
5876.40971625 0.79845279
5878.17286351 0.80239633
5879.93608095 0.80315561
5881.69936855 0.80391558
5883.46272631 0.81520584
5885.22615424 0.80670629
5886.98965234 0.76755554
5888.75322060 0.74253739
5890.51685903 0.74374287
5892.28056762 0.74378619
5894.04434638 0.74687848
5895.80819530 0.74490400
5897.57211439 0.74966221
5899.33610365 0.75377294
5901.10016307 0.76053857
5902.86429265 0.75796788
5904.62849240 0.76585680
5906.39276232 0.77337672
5908.15710240 0.78550392
5909.92151265 0.80652415
5911.68599307 0.80179564
5913.45054365 0.80671920
5915.21516439 0.80674062
5916.97985530 0.80370153
5918.74461638 0.81127308
5920.50944762 0.80632033
5922.27434902 0.80753516
5924.03932060 0.77912782
5925.80436233 0.77912782
5927.56947424 0.79369609
5929.33465631 0.79369609
5931.09990854 0.78155213
5932.86523094 0.77157729
5934.63062351 0.78155213
5936.39608624 0.78155213
5938.16161914 0.77506162
5939.92722220 0.77310810
5941.69289543 0.77412944
5943.45863882 0.76881314
5945.22445238 0.75991793
5946.99033610 0.76079030
5948.75628999 0.76178771
5950.52231405 0.76291030
5952.28840827 0.77311676
5954.05457265 0.77379072
5955.82080721 0.77705157
5957.58711192 0.77705157
5959.35348681 0.77705157
5961.11993186 0.77705157
5962.88644707 0.77215287
5964.65303245 0.75323283
5966.41968800 0.74820990
5968.18641371 0.74000776
5969.95320958 0.74901835
5971.72007562 0.75492364
5973.48701183 0.75587467
5975.25401821 0.75628536
5977.02109474 0.76350376
5978.78824145 0.76756133
5980.55545832 0.77136595
5982.32274535 0.77287300
5984.09010255 0.77563209
5985.85752992 0.78207227
5987.62502745 0.78251401
5989.39259515 0.78447282
5991.16023301 0.77394622
5992.92794104 0.77394622
5994.69571923 0.75293676
5996.46356759 0.77394622
5998.23148612 0.74926719
5999.99947481 0.74926719
6001.76753366 0.74926719
6003.53566269 0.75034827
6005.30386187 0.73800089
6007.07213123 0.73641214
6008.84047074 0.72970863
6010.60888043 0.73144095
6012.37736028 0.73912699
6014.14591029 0.75813470
6015.91453047 0.74122500
6017.68322082 0.74284868
6019.45198133 0.76266111
6021.22081201 0.76892284
6022.98971285 0.76453679
6024.75868386 0.75018235
6026.52772503 0.74953358
6028.29683637 0.75135254
6030.06601787 0.75174440
6031.83526955 0.74503533
6033.60459138 0.74503948
6035.37398338 0.75300818
6037.14344555 0.74637671
6038.91297788 0.74637671
6040.68258038 0.74094534
6042.45225304 0.74184718
6044.22199587 0.74375965
6045.99180887 0.74387196
6047.76169203 0.74463109
6049.53164535 0.74590915
6051.30166884 0.74658477
6053.07176250 0.73647811
6054.84192632 0.72468534
6056.61216031 0.72646404
6058.38246446 0.75884706
6060.15283878 0.75899658
6061.92328327 0.72607562
6063.69379792 0.72794577
6065.46438273 0.73040898
6067.23503771 0.73946219
6069.00576286 0.73737139
6070.77655817 0.73230871
6072.54742365 0.73230871
6074.31835929 0.72069398
6076.08936510 0.71236215
6077.86044107 0.71413995
6079.63158721 0.71559904
6081.40280352 0.72405421
6083.17408999 0.72433922
6084.94544663 0.72544222
6086.71687343 0.72639075
6088.48837040 0.72745588
6090.25993753 0.72734933
6092.03157483 0.72909824
6093.80328229 0.72972371
6095.57505992 0.73429852
6097.34690772 0.73306397
6099.11882568 0.73464171
6100.89081380 0.73901502
6102.66287209 0.74016966
6104.43500055 0.72395891
6106.20719917 0.72012501
6107.97946796 0.71304447
6109.75180692 0.72271733
6111.52421604 0.71827365
6113.29669532 0.71262830
6115.06924477 0.71452612
6116.84186439 0.71001370
6118.61455417 0.71033973
6120.38731412 0.71049701
6122.16014423 0.70802769
6123.93304451 0.71134373
6125.70601495 0.71204615
6127.47905556 0.70930077
6129.25216633 0.71191397
6131.02534727 0.70940957
6132.79859838 0.70949391
6134.57191965 0.70115607
6136.34531109 0.70091692
6138.11877269 0.70101724
6139.89230446 0.70338200
6141.66590639 0.70427863
6143.43957849 0.70534894
6145.21332076 0.70572036
6146.98713319 0.70013668
6148.76101578 0.70153595
6150.53496854 0.69291789
6152.30899147 0.70710802
6154.08308456 0.68862018
6155.85724782 0.68736977
6157.63148124 0.68786015
6159.40578483 0.69020780
6161.18015859 0.69117003
6162.95460251 0.68995105
6164.72911659 0.69669150
6166.50370084 0.69683917
6168.27835526 0.69689419
6170.05307984 0.68773720
6171.82787459 0.68014151
6173.60273950 0.68068375
6175.37767458 0.68088070
6177.15267983 0.68173493
6178.92775524 0.68185703
6180.70290081 0.68280487
6182.47811655 0.69460352
6184.25340246 0.69495694
6186.02875853 0.69549034
6187.80418477 0.70268767
6189.57968117 0.70333239
6191.35524774 0.70588560
6193.13088447 0.71262224
6194.90659137 0.70612404
6196.68236844 0.71503326
6198.45821567 0.71635418
6200.23413307 0.71040487
6202.01012063 0.69843119
6203.78617836 0.71286944
6205.56230625 0.70121407
6207.33850431 0.71019283
6209.11477253 0.67025969
6210.89111092 0.67680155
6212.66751948 0.67772779
6214.44399820 0.68149529
6216.22054708 0.68388818
6217.99716613 0.68391124
6219.77385535 0.69451963
6221.55061473 0.70201982
6223.32744428 0.70486118
6225.10434400 0.70470597
6226.88131388 0.70605695
6228.65835392 0.68220670
6230.43546413 0.68817295
6232.21264451 0.67478284
6233.98989505 0.67376576
6235.76721576 0.67503373
6237.54460663 0.67309863
6239.32206767 0.66529328
6241.09959887 0.66232884
6242.87720024 0.66255589
6244.65487177 0.66328415
6246.43261347 0.67067239
6248.21042534 0.66500174
6249.98830737 0.64686652
6251.76625957 0.66546354
6253.54428193 0.67351529
6255.32237446 0.65767074
6257.10053715 0.67558394
6258.87877001 0.67711851
6260.65707304 0.67734637
6262.43544623 0.68587828
6264.21388958 0.69108160
6265.99240310 0.69183969
6267.77098679 0.69224956
6269.54964064 0.69228945
6271.32836466 0.69202614
6273.10715884 0.69540716
6274.88602319 0.67024938
6276.66495771 0.68314263
6278.44396239 0.65952556
6280.22303723 0.66659530
6282.00218224 0.66958296
6283.78139742 0.67361251
6285.56068276 0.67427063
6287.34003827 0.66652638
6289.11946394 0.66867763
6290.89895978 0.66874766
6292.67852578 0.67050905
6294.45816195 0.67065586
6296.23786829 0.66542262
6298.01764479 0.67656640
6299.79749146 0.67737290
6301.57740829 0.67755847
6303.35739529 0.69921111
6305.13745245 0.67774410
6306.91757978 0.64181876
6308.69777727 0.64419527
6310.47804493 0.64419527
6312.25838276 0.64419527
6314.03879075 0.64181876
6315.81926890 0.64325344
6317.59981723 0.62145891
6319.38043571 0.63248326
6321.16112437 0.63622275
6322.94188318 0.61351063
6324.72271217 0.63916996
6326.50361132 0.64173818
6328.28458063 0.64286938
6330.06562011 0.65509397
6331.84672976 0.66863371
6333.62790957 0.66977255
6335.40915955 0.67054327
6337.19047969 0.67315602
6338.97187000 0.67465886
6340.75333047 0.67425596
6342.53486111 0.67493500
6344.31646192 0.67588171
6346.09813289 0.66897051
6347.87987402 0.65642946
6349.66168532 0.65262589
6351.44356679 0.65262589
6353.22551842 0.64591512
6355.00754022 0.65263244
6356.78963219 0.65223073
6358.57179432 0.65362773
6360.35402661 0.64416720
6362.13632907 0.64468024
6363.91870170 0.64519367
6365.70114449 0.64945568
6367.48365744 0.65385977
6369.26624057 0.64066830
6371.04889385 0.61813045
6372.83161731 0.62401508
6374.61441093 0.62995598
6376.39727471 0.66387305
6378.18020866 0.63874339
6379.96321278 0.62502387
6381.74628706 0.62588387
6383.52943150 0.64189805
6385.31264612 0.64235489
6387.09593089 0.64458355
6388.87928584 0.63078318
6390.66271095 0.64612857
6392.44620622 0.65631500
6394.22977166 0.65714442
6396.01340727 0.63522726
6397.79711304 0.63536816
6399.58088897 0.65798583
6401.36473508 0.65926811
6403.14865134 0.63720644
6404.93263778 0.61622597
6406.71669438 0.61640980
6408.50082114 0.55422220
6410.28501807 0.55781605
6412.06928516 0.56069262
6413.85362243 0.62629131
6415.63802985 0.63786938
6417.42250744 0.64582673
6419.20705520 0.65051018
6420.99167312 0.66675641
6422.77636121 0.65950499
6424.56111947 0.65960843
6426.34594789 0.63835751
6428.13084647 0.63941930
6429.91581522 0.63309622
6431.70085414 0.61740776
6433.48596322 0.61881559
6435.27114247 0.62163963
6437.05639188 0.62168945
6438.84171146 0.62196621
6440.62710120 0.61836755
6442.41256111 0.61913012
6444.19809119 0.61978887
6445.98369143 0.61510395
6447.76936183 0.61538946
6449.55510240 0.63602462
6451.34091314 0.59384185
6453.12679404 0.61395002
6454.91274511 0.61727998
6456.69876635 0.62062814
6458.48485775 0.58963754
6460.27101931 0.58963753
6462.05725104 0.59258945
6463.84355294 0.63463894
6465.62992500 0.63953283
6467.41636723 0.59787496
6469.20287962 0.59811082
6470.98946218 0.63377650
6472.77611490 0.63658486
6474.56283779 0.59951622
6476.34963084 0.61099351
6478.13649406 0.61203532
6479.92342745 0.61211567
6481.71043100 0.61219603
6483.49750472 0.61315994
6485.28464860 0.62025796
6487.07186265 0.62211197
6488.85914686 0.59187182
6490.64650124 0.59287603
6492.43392578 0.59349653
6494.22142049 0.59351072
6496.00898537 0.59512564
6497.79662041 0.59549518
6499.58432562 0.59701062
6501.37210099 0.60179352
6503.15994653 0.61047567
6504.94786223 0.61105654
6506.73584810 0.60305360
6508.52390413 0.59552293
6510.31203033 0.58248723
6512.10022670 0.59552293
6513.88849323 0.58476182
6515.67682993 0.58611652
6517.46523679 0.58656525
6519.25371382 0.56252144
6521.04226101 0.56386428
6522.83087837 0.56617213
6524.61956589 0.56638795
6526.40832358 0.56660384
6528.19715144 0.56759512
6529.98604946 0.58439284
6531.77501764 0.60427348
6533.56405600 0.58831238
6535.35316451 0.59984751
6537.14234320 0.60269625
6538.93159204 0.60500988
6540.72091106 0.59949441
6542.51030024 0.55923974
6544.29975958 0.55566785
6546.08928909 0.51124919
6547.87888877 0.51386312
6549.66855861 0.51060347
6551.45829862 0.51156742
6553.24810879 0.50017693
6555.03798913 0.46583812
6556.82793963 0.42620537
6558.61796030 0.36314387
6560.40805114 0.36402014
6562.19821214 0.36472333
6563.98844330 0.36816871
6565.77874464 0.37167047
6567.56911613 0.41966340
6569.35955780 0.43027218
6571.15006962 0.45067874
6572.94065162 0.50040428
6574.73130378 0.50149741
6576.52202610 0.51397477
6578.31281859 0.51397477
6580.10368125 0.56321806
6581.89461407 0.51397477
6583.68561706 0.52120707
6585.47669021 0.56321806
6587.26783353 0.53959103
6589.05904701 0.53959103
6590.85033066 0.55403898
6592.64168447 0.54380341
6594.43310845 0.54380341
6596.22460260 0.55403898
6598.01616691 0.55553276
6599.80780139 0.55692353
6601.59950603 0.54786451
6603.39128084 0.54872929
6605.18312581 0.57366082
6606.97504095 0.62269450
6608.76702625 0.62287393
6610.55908172 0.57491840
6612.35120736 0.58596543
6614.14340316 0.58873583
6615.93566913 0.59515055
6617.72800526 0.59718683
6619.52041156 0.59212867
6621.31288802 0.58055820
6623.10543465 0.58132032
6624.89805144 0.57333960
6626.69073840 0.58316845
6628.48349553 0.58358698
6630.27632282 0.57854113
6632.06922028 0.57326391
6633.86218790 0.56752200
6635.65522568 0.57326391
6637.44833364 0.57326391
6639.24151176 0.56708509
6641.03476004 0.55521372
6642.82807849 0.55043470
6644.62146711 0.55308358
6646.41492589 0.57120880
6648.20845483 0.57136483
6650.00205394 0.55399018
6651.79572322 0.56848438
6653.58946266 0.57129174
6655.38327227 0.58547041
6657.17715205 0.57160076
6658.97110199 0.57171061
6660.76512209 0.57284131
6662.55921236 0.60553114
6664.35337280 0.60683185
6666.14760340 0.60741833
6667.94190417 0.58485639
6669.73627510 0.59948837
6671.53071620 0.59020881
6673.32522746 0.58896095
6675.11980889 0.57020688
6676.91446049 0.54985122
6678.70918225 0.58185672
6680.50397417 0.58258956
6682.29883626 0.58430718
6684.09376852 0.56551330
6685.88877094 0.56128340
6687.68384353 0.57750302
6689.47898628 0.56388862
6691.27419920 0.55684287
6693.06948229 0.55832428
6694.86483554 0.55151646
6696.66025895 0.55886265
6698.45575254 0.55887995
6700.25131628 0.56009566
6702.04695020 0.56024981
6703.84265427 0.58106218
6705.63842852 0.54470879
6707.43427293 0.58386493
6709.23018750 0.58498016
6711.02617224 0.58828118
6712.82222715 0.55088685
6714.61835222 0.59081587
6716.41454745 0.58424322
6718.21081286 0.58488841
6720.00714842 0.57842384
6721.80355416 0.55255821
6723.60003006 0.55453031
6725.39657612 0.56246665
6727.19319235 0.56367069
6728.98987875 0.55841715
6730.78663531 0.56511967
6732.58346203 0.57180069
6734.38035893 0.50035736
6736.17732598 0.54628757
6737.97436321 0.54671660
6739.77147059 0.54834670
6741.56864815 0.55353370
6743.36589587 0.54864590
6745.16321375 0.55353370
6746.96060181 0.56045430
6748.75806002 0.56045430
6750.55558840 0.56387693
6752.35318695 0.56420231
6754.15085566 0.56735826
6755.94859454 0.56869485
6757.74640359 0.56212314
6759.54428280 0.51159277
6761.34223217 0.51159277
6763.14025171 0.51515432
6764.93834142 0.51480690
6766.73650129 0.51445971
6768.53473133 0.51394356
6770.33303153 0.58256740
6772.13140190 0.58256740
6773.92984243 0.58256740
6775.72835313 0.58315247
6777.52693400 0.58354602
6779.32558503 0.52677323
6781.12430622 0.52953446
6782.92309758 0.53126163
6784.72195911 0.53240693
6786.52089080 0.60418020
6788.31989266 0.53438307
6790.11896469 0.53438307
6791.91810688 0.60418020
6793.71731923 0.60418020
6795.51660175 0.55882972
6797.31595444 0.55882972
6799.11537729 0.53966680
6800.91487031 0.55121810
6802.71443349 0.53580403
6804.51406684 0.53650345
6806.31377035 0.53887215
6808.11354403 0.54008042
6809.91338787 0.54145550
6811.71330188 0.54393505
6813.51328606 0.54642586
6815.31334040 0.56916932
6817.11346491 0.56978421
6818.91365958 0.55298556
6820.71392442 0.56422117
6822.51425942 0.49760045
6824.31466459 0.46752248
6826.11513992 0.51010259
6827.91568542 0.52248114
6829.71630109 0.53048922
6831.51698692 0.53590433
6833.31774292 0.53710401
6835.11856908 0.59833668
6836.91946541 0.63148122
6838.72043190 0.63716262
6840.52146856 0.55595405
6842.32257538 0.47480888
6844.12375237 0.47533226
6845.92499953 0.47606544
6847.72631685 0.48076106
6849.52770434 0.49098093
6851.32916199 0.50335339
6853.13068981 0.52495914
6854.93228779 0.55832053
6856.73395594 0.57581491
6858.53569425 0.58281378
6860.33750273 0.59041020
6862.13938138 0.59140754
6863.94133019 0.58648704
6865.74334916 0.52474274
6867.54543831 0.52827765
6869.34759761 0.49255382
6871.14982709 0.36777467
6872.95212673 0.36987088
6874.75449653 0.37446846
6876.55693650 0.37469819
6878.35944663 0.48149909
6880.16202693 0.48451626
6881.96467740 0.55599397
6883.76739803 0.55660362
6885.57018883 0.55660362
6887.37304979 0.55660362
6889.17598092 0.59048434
6890.97898221 0.59048434
6892.78205367 0.59048434
6894.58519530 0.54370131
6896.38840709 0.50579388
6898.19168905 0.50714806
6899.99504117 0.44523250
6901.79846345 0.44523250
6903.60195591 0.50714806
6905.40551852 0.50714806
6907.20915131 0.50735049
6909.01285426 0.50735049
6910.81662737 0.51476441
6912.62047065 0.57340257
6914.42438410 0.60737748
6916.22836771 0.59329651
6918.03242149 0.60315448
6919.83654543 0.61398490
6921.64073954 0.63826127
6923.44500381 0.62589968
6925.24933825 0.62476189
6927.05374285 0.62476189
6928.85821763 0.48075533
6930.66276256 0.46089912
6932.46737766 0.47583104
6934.27206293 0.45717069
6936.07681836 0.47583104
6937.88164396 0.62107067
6939.68653972 0.43922387
6941.49150565 0.45331793
6943.29654175 0.55055147
6945.10164801 0.45605734
6946.90682443 0.55055147
6948.71207102 0.45605734
6950.51738778 0.45605734
6952.32277470 0.51344994
6954.12823179 0.51344994
6955.93375904 0.51344994
6957.73935646 0.51344994
6959.54502404 0.50808468
6961.35076179 0.54369451
6963.15656971 0.54369451
6964.96244779 0.44277524
6966.76839604 0.54369451
6968.57441445 0.54369451
6970.38050303 0.54369451
6972.18666177 0.57278176
6973.99289068 0.56642425
6975.79918975 0.59702060
6977.60555899 0.62587067
6979.41199840 0.61153022
6981.21850797 0.57683762
6983.02508770 0.55745948
6984.83173761 0.54718866
6986.63845767 0.53133724
6988.44524791 0.44868811
6990.25210831 0.44084580
6992.05903887 0.40492895
6993.86603960 0.39366519
6995.67311049 0.39103793
6997.48025155 0.38792779
6999.28746278 0.40272045
